10 16
186 185 184 183 182 181 180 179 178 177 176 175 174 173 172 171 160
185 184 183 182 181 180 179 178 177 176 175 174 173 172 171 170 160
184 183 182 181 180 179 178 177 176 175 174 173 172 171 170 169 160
183 182 181 180 179 178 177 176 175 174 173 172 171 170 169 168 160
182 181 180 179 178 177 176 175 174 173 172 171 170 169 168 167 160
181 180 179 178 177 176 175 174 173 172 171 170 169 168 167 166 160
180 179 178 177 176 175 174 173 172 171 170 169 168 167 166 165 160
179 178 177 176 175 174 173 172 171 170 169 168 167 166 165 164 160
178 177 176 175 174 173 172 171 170 169 168 167 166 165 164 163 160
177 176 175 174 173 172 171 170 169 168 167 166 165 164 163 162 160
100 100 100 100 100 100 100 100 100 100 100 100 100 100 100 100
